114
1 105 0 a 1 0 0 17 8 #000000 Arial
2 106 0 a 1 0 0 17 8 #000000 Arial
3 1 1 a 0 0 0 0 8 #000000 Arial
4 107 0 a 1 0 0 17 8 #000000 Arial
5 108 0 a 1 0 0 17 8 #000000 Arial
6 109 0 a 1 0 0 17 8 #000000 Arial
7 110 0 c 1 0 0 17 8 #000000 Arial
8 111 0 , 1 0 0 17 8 #000000 Arial
9 112 0   1 0 0 17 8 #000000 Arial
10 113 0 c 1 0 0 17 8 #000000 Arial
11 114 0 i 1 0 0 17 8 #000000 Arial
12 115 0 a 1 0 0 17 8 #000000 Arial
13 116 0 o 1 0 0 17 8 #000000 Arial
14 117 0   1 0 0 17 8 #000000 Arial
15 118 0 i 1 0 0 17 8 #000000 Arial
16 119 0 o 1 0 0 17 8 #000000 Arial
17 120 0   1 0 0 17 8 #000000 Arial
18 121 0 s 1 0 0 17 8 #000000 Arial
19 122 0 o 1 0 0 17 8 #000000 Arial
20 123 0 n 1 0 0 17 8 #000000 Arial
21 124 0 o 1 0 0 17 8 #000000 Arial
22 125 0   1 0 0 17 8 #000000 Arial
23 126 0 m 1 0 0 17 8 #000000 Arial
24 127 0 a 1 0 0 17 8 #000000 Arial
25 128 0 r 1 0 0 17 8 #000000 Arial
26 129 0 c 1 0 0 17 8 #000000 Arial
27 130 0 e 1 0 0 17 8 #000000 Arial
28 131 0 l 1 0 0 17 8 #000000 Arial
29 132 0 l 1 0 0 17 8 #000000 Arial
30 133 0 o 1 0 0 17 8 #000000 Arial
31 134 0   1 0 0 17 8 #000000 Arial
32 135 0 c 1 0 0 17 8 #000000 Arial
33 136 0 o 1 0 0 17 8 #000000 Arial
34 137 0 m 1 0 0 17 8 #000000 Arial
35 138 0 e 1 0 0 17 8 #000000 Arial
36 139 0   1 0 0 17 8 #000000 Arial
37 140 0 v 1 0 0 17 8 #000000 Arial
38 141 0 a 1 0 0 17 8 #000000 Arial
39 142 0 ? 1 0 0 17 8 #000000 Arial
40 144 0   1 0 0 17 8 #000000 Arial
41 145 0 o 1 0 0 17 8 #000000 Arial
42 146 0 o 1 0 0 17 8 #000000 Arial
43 147 0 o 1 0 0 17 8 #000000 Arial
44 148 0 o 1 0 0 17 8 #000000 Arial
45 149 0 o 1 0 0 17 8 #000000 Arial
46 150 0 o 1 0 0 17 8 #000000 Arial
47 151 0 o 1 0 0 17 8 #000000 Arial
48 152 0 o 1 0 0 17 8 #000000 Arial
49 153 0 i 1 1 0 17 8 #000000 Arial
50 154 0 i 1 1 0 17 8 #000000 Arial
51 155 0 i 1 1 0 17 8 #000000 Arial
52 156 0 i 1 1 0 17 8 #000000 Arial
53 157 0 i 1 1 0 17 8 #000000 Arial
54 158 0 i 1 1 0 17 8 #000000 Arial
55 159 0 i 1 1 0 17 8 #000000 Arial
56 160 0 i 1 1 0 17 8 #000000 Arial
57 161 0 i 1 1 0 17 8 #000000 Arial
58 162 0 i 1 1 0 17 8 #000000 Arial
59 163 0 u 1 1 1 17 8 #000000 Arial
60 164 0 u 1 1 1 17 8 #000000 Arial
61 165 0 u 1 1 1 17 8 #000000 Arial
62 166 0 u 1 1 1 17 8 #000000 Arial
63 167 0 u 1 1 1 17 8 #000000 Arial
64 168 0 u 1 1 1 17 8 #000000 Arial
65 169 0 u 1 1 1 17 8 #000000 Arial
66 170 0 u 1 1 1 17 8 #000000 Arial
67 171 0 u 1 1 1 17 8 #000000 Arial
68 172 0 u 1 1 1 17 8 #000000 Arial
69 173 0 u 1 1 1 17 8 #000000 Arial
70 174 0 u 1 1 1 17 8 #000000 Arial
71 175 0 i 1 0 1 17 8 #000000 Arial
72 176 0 i 1 0 1 17 8 #000000 Arial
73 177 0 i 1 0 1 17 8 #000000 Arial
74 178 0 i 1 0 1 17 8 #000000 Arial
75 179 0 i 1 0 1 17 8 #000000 Arial
76 180 0 i 1 0 1 17 8 #000000 Arial
77 181 0 i 1 0 1 17 8 #000000 Arial
78 182 0 i 1 0 1 17 8 #000000 Arial
79 183 0 i 1 0 1 17 8 #000000 Arial
80 184 0 i 1 0 1 17 8 #000000 Arial
81 185 0 . 0 0 0 17 8 #000000 Arial
82 186 0   0 0 0 17 8 #000000 Arial
83 187 0 C 0 0 0 17 8 #000000 Arial
84 188 0 i 0 0 0 17 8 #000000 Arial
85 189 0 a 0 0 0 17 8 #000000 Arial
86 190 0 o 0 0 0 17 8 #000000 Arial
87 191 0   0 0 0 17 8 #000000 Arial
88 192 0 T 0 0 0 17 8 #000000 Arial
89 193 0 u 0 0 0 17 8 #000000 Arial
90 194 0 t 0 0 0 17 8 #000000 Arial
91 195 0 t 0 0 0 17 8 #000000 Arial
92 196 0 i 0 0 0 17 8 #000000 Arial
93 197 0 
 0 0 0 17 8 #000000 Arial
94 198 0 i 0 0 0 17 8 #000000 Arial
95 199 0 o 0 0 0 17 8 #000000 Arial
96 200 0   0 0 0 17 8 #000000 Arial
97 201 0 v 0 0 0 17 8 #000000 Arial
98 202 0 a 0 0 0 17 8 #000000 Arial
99 203 0 d 0 0 0 17 8 #000000 Arial
100 204 0 o 0 0 0 17 8 #000000 Arial
101 205 0   0 0 0 17 8 #000000 Arial
102 206 0 a 0 0 0 17 8 #000000 Arial
103 207 0 n 0 0 0 17 8 #000000 Arial
104 208 0 c 0 0 0 17 8 #000000 Arial
105 209 0 h 0 0 0 17 8 #000000 Arial
106 210 0 e 0 0 0 17 8 #000000 Arial
107 211 0   0 0 0 17 8 #000000 Arial
108 212 0 a 0 0 0 17 8 #000000 Arial
109 213 0   0 0 0 17 8 #000000 Arial
110 214 0 c 0 0 0 17 8 #000000 Arial
111 215 0 a 0 0 0 17 8 #000000 Arial
112 216 0 p 0 0 0 17 8 #000000 Arial
113 217 0 o 0 0 0 17 8 #000000 Arial
114 218 0 . 0 0 0 17 8 #000000 Arial
